-64.29038
-75.94513
-56.24633
-94.39001
-56.43553
-63.72439
-54.38657
-69.32527
-53.35891
-84.46591
-53.61735
-79.33319
-52.99339
-66.00881
-52.21099
-80.40118
-51.43566
-75.82475
-50.88798
-62.67060
-39.93846
-27.24589
-30.83499
-25.14637
-19.74518
-18.75904
-13.88694
-17.26718
-17.94828
-17.90137
-30.44059
-36.57768
-47.93881
-34.97896
-26.84846
-14.59235
-19.53567
-22.50003
-25.05388
-24.02837
-19.37275
-19.92782
-21.66379
-15.10530
-39.13896
-17.60072
-58.54133
-19.13793
-15.41530
-13.26975
-10.32974
-21.74479
-15.12769
-13.89630
-25.48818
-25.83858
-23.61297
-16.55805
-31.82319
-17.56612
-19.95698
-32.46392
-30.34086
-31.80725
-60.07500
-18.16080
-35.69571
-10.90670
-14.98289
-15.66032
-12.53935
-16.03299
-16.90859
-17.13484
-17.35249
-26.17972
-12.34755
-14.50369
-13.66879
-14.71070
-16.14473
-22.08833
-13.51445
-19.03984
-15.16027
-16.18945
-22.68508
-16.99673
-38.74954
-26.47940
-21.01747
-21.13591
-15.28854
-14.53431
-18.06006
-27.19000
-13.87519
-15.43890
-10.10471
-27.77014
