-5.28323
-15.44292
-6.87883
-6.42046
-3.62709
-6.30457
-11.57966
-7.34747
-8.98173
-21.27456
-28.83430
-13.71450
-13.29707
-33.37491
-2.81042
-3.53166
-13.26525
-9.17653
-4.83030
-15.33245
-2.22609
-7.71511
-4.72501
-6.25508
-5.20360
-16.00002
-4.54865
-4.06982
-1.95690
-6.92053
-33.68400
-5.31073
-14.88376
-9.72634
-13.14825
-28.21006
-39.77095
-2.42451
-9.57794
-7.24676
-27.37276
-7.29310
-15.93748
-4.06231
-9.20101
-12.53931
-6.15436
-3.47277
-3.24329
-2.86635
-27.61968
-3.57877
-6.15262
-11.66177
-4.09113
-12.33190
-3.13128
-2.29319
-23.39115
-3.10988
-7.56086
-2.46393
-3.82858
-5.01344
-8.55803
-23.92860
-13.99379
-7.60983
-33.95484
-11.42571
-25.92209
-2.64887
-20.01914
-3.21124
-3.23189
-9.03163
-9.24033
-8.36658
-12.99635
-12.63344
-10.44085
-5.44200
-20.36972
-4.32021
-5.56837
-11.32586
-7.25719
-4.02152
-12.41666
-10.49612
-2.72939
-16.96499
-11.98280
-4.82355
-20.29110
-3.37090
-15.78286
-5.95782
-10.61093
-3.64135
