-37.05361
-34.70631
-36.23427
-30.95046
-28.13317
-25.23885
-25.99324
-25.53436
-26.37867
-26.04879
-26.43310
-25.99242
-26.26628
-25.95610
-27.40280
-27.92398
-31.66796
-40.08496
-42.51273
-42.75161
-27.50410
-23.41121
-57.00888
-18.83924
-17.96968
-18.34699
-17.59463
-12.04038
-17.80935
-21.53172
-19.41162
-28.54171
-22.65838
-33.79701
-17.43394
-13.40360
-20.90270
-41.69033
-26.95720
-38.16406
-18.29317
-18.29733
-31.88119
-13.33664
-32.35574
-19.04275
-27.85425
-25.64554
-9.96290
-13.45451
-11.67725
-11.67805
-13.48743
-16.52292
-16.49370
-21.80188
-33.52293
-12.38715
-41.74739
-25.56169
-14.76868
-26.23657
-41.33941
-23.47464
-35.85943
-18.37527
-20.40989
-11.57005
-10.92832
-20.98060
-12.54144
-12.54272
-19.88096
-14.87793
-16.91418
-33.32524
-10.96631
-18.60677
-10.64378
-20.98397
-11.27371
-36.05550
-10.23945
-36.71010
-13.24435
-22.35111
-16.41985
-16.65268
-48.34901
-34.06912
-20.68525
-15.97492
-16.16519
-14.23268
-24.21043
-18.91192
-10.97723
-22.30257
-8.87396
-17.57914
