-30.44780
-29.16896
-40.72512
-48.72745
-39.49268
-37.52022
-36.20006
-37.10846
-40.71280
-45.93732
-45.04931
-37.20872
-33.49090
-33.51432
-31.12096
-29.87389
-34.37276
-43.13806
-32.22690
-30.08289
-28.32334
-27.53190
-25.74460
-24.36519
-21.75449
-20.46369
-19.11473
-19.69593
-18.43729
-22.45788
-22.31734
-18.98288
-35.88553
-63.98847
-10.80863
-13.41380
-13.02895
-31.23159
-12.38662
-27.54255
-49.29532
-16.91093
-28.27459
-15.29961
-37.37847
-14.31057
-23.53325
-25.26836
-100.11916
-20.49335
-22.35408
-34.85530
-12.14996
-32.56481
-15.83665
-22.77147
-37.59077
-12.23663
-16.40374
-12.81205
-14.00366
-12.14594
-13.50888
-19.31612
-11.65656
-24.54440
-16.44591
-18.76314
-19.10003
-15.20852
-14.55601
-23.37691
-22.82013
-22.97205
-13.50908
-16.17619
-11.02810
-8.15312
-20.41786
-10.14542
-10.36117
-13.75592
-8.12836
-17.66810
-11.41047
-14.93041
-43.96733
-14.33242
-21.62910
-16.73812
-18.28390
-14.85984
-15.26822
-13.17794
-37.01560
-21.57896
-22.91309
-42.50259
-18.06088
-25.77218
